5,1,648,16,10,2,0,3,5,1,1,0,1,1,1,0,green,0,0,0,0,1,0,0,1,0,0,black,green,Afghanistan
3,1,29,3,6,6,0,0,3,1,0,0,1,0,1,0,red,0,0,0,0,1,0,0,0,1,0,red,red,Albania
4,1,2388,20,8,2,2,0,3,1,1,0,0,1,0,0,green,0,0,0,0,1,1,0,0,0,0,green,white,Algeria
6,3,0,0,1,1,0,0,5,1,0,1,1,1,0,1,blue,0,0,0,0,0,0,1,1,1,0,blue,red,American-Samoa
3,1,0,0,6,0,3,0,3,1,0,1,1,0,0,0,gold,0,0,0,0,0,0,0,0,0,0,blue,red,Andorra
4,2,1247,7,10,5,0,2,3,1,0,0,1,0,1,0,red,0,0,0,0,1,0,0,1,0,0,red,black,Angola
1,4,0,0,1,1,0,1,3,0,0,1,0,1,0,1,white,0,0,0,0,0,0,0,0,1,0,white,blue,Anguilla
1,4,0,0,1,1,0,1,5,1,0,1,1,1,1,0,red,0,0,0,0,1,0,1,0,0,0,black,red,Antigua-Barbuda
2,3,2777,28,2,0,0,3,2,0,0,1,0,1,0,0,blue,0,0,0,0,0,0,0,0,0,0,blue,blue,Argentina
2,3,2777,28,2,0,0,3,3,0,0,1,1,1,0,0,blue,0,0,0,0,1,0,0,0,0,0,blue,blue,Argentine
6,2,7690,15,1,1,0,0,3,1,0,1,0,1,0,0,blue,0,1,1,1,6,0,0,0,0,0,white,blue,Australia
3,1,84,8,4,0,0,3,2,1,0,0,0,1,0,0,red,0,0,0,0,0,0,0,0,0,0,red,red,Austria
1,4,19,0,1,1,0,3,3,0,0,1,1,0,1,0,blue,0,0,0,0,0,0,1,0,0,0,blue,blue,Bahamas
5,1,1,0,8,2,0,0,2,1,0,0,0,1,0,0,red,0,0,0,0,0,0,0,0,0,0,white,red,Bahrain
5,1,143,90,6,2,0,0,2,1,1,0,0,0,0,0,green,1,0,0,0,0,0,0,0,0,0,green,green,Bangladesh
1,4,0,0,1,1,3,0,3,0,0,1,1,0,1,0,blue,0,0,0,0,0,0,0,1,0,0,blue,blue,Barbados
3,1,31,10,6,0,3,0,3,1,0,0,1,0,1,0,gold,0,0,0,0,0,0,0,0,0,0,black,red,Belgium
1,4,23,0,1,1,0,2,8,1,1,1,1,1,1,1,blue,1,0,0,0,0,0,0,1,1,1,red,red,Belize
4,1,113,3,3,5,0,0,2,1,1,0,0,0,0,0,green,0,0,0,0,1,0,0,0,0,0,green,green,Benin
1,4,0,0,1,1,0,0,6,1,1,1,1,1,1,0,red,1,1,1,1,0,0,0,1,1,0,white,red,Bermuda
5,1,47,1,10,3,0,0,4,1,0,0,0,1,1,1,orange,4,0,0,0,0,0,0,0,1,0,orange,red,Bhutan
2,3,1099,6,2,0,0,3,3,1,1,0,1,0,0,0,red,0,0,0,0,0,0,0,0,0,0,red,green,Bolivia
4,2,600,1,10,5,0,5,3,0,0,1,0,1,1,0,blue,0,0,0,0,0,0,0,0,0,0,blue,blue,Botswana
2,3,8512,119,6,0,0,0,4,0,1,1,1,1,0,0,green,1,0,0,0,22,0,0,0,0,1,green,green,Brazil
1,4,0,0,1,1,0,0,6,1,1,1,1,1,0,1,blue,0,1,1,1,0,0,0,1,1,1,white,blue,British-Virgin-Isles
5,1,6,0,10,2,0,0,4,1,0,0,1,1,1,0,gold,0,0,0,0,0,0,1,1,1,1,white,gold,Brunei
3,1,111,9,5,6,0,3,5,1,1,1,1,1,0,0,red,0,0,0,0,1,0,0,1,1,0,white,red,Bulgaria
4,4,274,7,3,5,0,2,3,1,1,0,1,0,0,0,red,0,0,0,0,1,0,0,0,0,0,red,green,Burkina
5,1,678,35,10,3,0,0,3,1,0,1,0,1,0,0,red,0,0,0,1,14,0,0,1,1,0,blue,red,Burma
4,2,28,4,10,5,0,0,3,1,1,0,0,1,0,0,red,1,0,1,0,3,0,0,0,0,0,white,white,Burundi
4,1,474,8,3,1,3,0,3,1,1,0,1,0,0,0,gold,0,0,0,0,1,0,0,0,0,0,green,gold,Cameroon
1,4,9976,24,1,1,2,0,2,1,0,0,0,1,0,0,red,0,0,0,0,0,0,0,0,1,0,red,red,Canada
4,4,4,0,6,0,1,2,5,1,1,0,1,0,1,1,gold,0,0,0,0,1,0,0,0,1,0,red,green,Cape-Verde-Islands
1,4,0,0,1,1,0,0,6,1,1,1,1,1,0,1,blue,1,1,1,1,4,0,0,1,1,1,white,blue,Cayman-Islands
4,1,623,2,10,5,1,0,5,1,1,1,1,1,0,0,gold,0,0,0,0,1,0,0,0,0,0,blue,gold,Central-African-Republic
4,1,1284,4,3,5,3,0,3,1,0,1,1,0,0,0,gold,0,0,0,0,0,0,0,0,0,0,blue,red,Chad
2,3,757,11,2,0,0,2,3,1,0,1,0,1,0,0,red,0,0,0,1,1,0,0,0,0,0,blue,red,Chile
5,1,9561,1008,7,6,0,0,2,1,0,0,1,0,0,0,red,0,0,0,0,5,0,0,0,0,0,red,red,China
2,4,1139,28,2,0,0,3,3,1,0,1,1,0,0,0,gold,0,0,0,0,0,0,0,0,0,0,gold,red,Colombia
4,2,2,0,3,2,0,0,2,0,1,0,0,1,0,0,green,0,0,0,0,4,1,0,0,0,0,green,green,Comorro-Islands
4,2,342,2,10,5,0,0,3,1,1,0,1,0,0,0,red,0,0,0,0,1,0,0,1,1,0,red,red,Congo
6,3,0,0,1,1,0,0,4,1,0,1,0,1,0,0,blue,1,1,1,1,15,0,0,0,0,0,white,blue,Cook-Islands
1,4,51,2,2,0,0,5,3,1,0,1,0,1,0,0,blue,0,0,0,0,0,0,0,0,0,0,blue,blue,Costa-Rica
1,4,115,10,2,6,0,5,3,1,0,1,0,1,0,0,blue,0,0,0,0,1,0,1,0,0,0,blue,blue,Cuba
3,1,9,1,6,1,0,0,3,0,1,0,1,1,0,0,white,0,0,0,0,0,0,0,1,1,0,white,white,Cyprus
3,1,128,15,5,6,0,0,3,1,0,1,0,1,0,0,white,0,0,0,0,0,0,1,0,0,0,white,red,Czechoslovakia
3,1,43,5,6,1,0,0,2,1,0,0,0,1,0,0,red,0,1,0,0,0,0,0,0,0,0,red,red,Denmark
4,1,22,0,3,2,0,0,4,1,1,1,0,1,0,0,blue,0,0,0,0,1,0,1,0,0,0,white,green,Djibouti
1,4,0,0,1,1,0,0,6,1,1,1,1,1,1,0,green,1,0,0,0,10,0,0,0,1,0,green,green,Dominica
1,4,49,6,2,0,0,0,3,1,0,1,0,1,0,0,blue,0,1,0,0,0,0,0,0,0,0,blue,blue,Dominican-Republic
2,3,284,8,2,0,0,3,3,1,0,1,1,0,0,0,gold,0,0,0,0,0,0,0,0,0,0,gold,red,Ecuador
4,1,1001,47,8,2,0,3,4,1,0,0,1,1,1,0,black,0,0,0,0,0,0,0,0,1,1,red,black,Egypt
1,4,21,5,2,0,0,3,2,0,0,1,0,1,0,0,blue,0,0,0,0,0,0,0,0,0,0,blue,blue,El-Salvador
4,1,28,0,10,5,0,3,4,1,1,1,0,1,0,0,green,0,0,0,0,0,0,1,0,0,0,green,red,Equatorial-Guinea
4,1,1222,31,10,1,0,3,3,1,1,0,1,0,0,0,green,0,0,0,0,0,0,0,0,0,0,green,red,Ethiopia
3,4,1,0,6,1,0,0,3,1,0,1,0,1,0,0,white,0,1,0,0,0,0,0,0,0,0,white,white,Faeroes
2,3,12,0,1,1,0,0,6,1,1,1,1,1,0,0,blue,1,1,1,1,0,0,0,1,1,1,white,blue,Falklands-Malvinas
6,2,18,1,1,1,0,0,7,1,1,1,1,1,0,1,blue,0,2,1,1,0,0,0,1,1,0,white,blue,Fiji
3,1,337,5,9,1,0,0,2,0,0,1,0,1,0,0,white,0,1,0,0,0,0,0,0,0,0,white,white,Finland
3,1,547,54,3,0,3,0,3,1,0,1,0,1,0,0,white,0,0,0,0,0,0,0,0,0,0,blue,red,France
2,4,91,0,3,0,3,0,3,1,0,1,0,1,0,0,white,0,0,0,0,0,0,0,0,0,0,blue,red,French-Guiana
6,3,4,0,3,0,0,3,5,1,0,1,1,1,1,0,red,1,0,0,0,1,0,0,1,0,0,red,red,French-Polynesia
4,2,268,1,10,5,0,3,3,0,1,1,1,0,0,0,green,0,0,0,0,0,0,0,0,0,0,green,blue,Gabon
4,4,10,1,1,5,0,5,4,1,1,1,0,1,0,0,red,0,0,0,0,0,0,0,0,0,0,red,green,Gambia
3,1,108,17,4,6,0,3,3,1,0,0,1,0,1,0,gold,0,0,0,0,0,0,0,1,0,0,black,gold,Germany-DDR
3,1,249,61,4,1,0,3,3,1,0,0,1,0,1,0,black,0,0,0,0,0,0,0,0,0,0,black,gold,Germany-FRG
4,4,239,14,1,5,0,3,4,1,1,0,1,0,1,0,red,0,0,0,0,1,0,0,0,0,0,red,green,Ghana
3,4,0,0,1,1,0,1,3,1,0,0,1,1,0,0,white,0,0,0,0,0,0,0,1,0,0,white,red,Gibraltar
3,1,132,10,6,1,0,9,2,0,0,1,0,1,0,0,blue,0,1,0,1,0,0,0,0,0,0,blue,blue,Greece
1,4,2176,0,6,1,0,0,2,1,0,0,0,1,0,0,white,1,0,0,0,0,0,0,0,0,0,white,red,Greenland
1,4,0,0,1,1,0,0,3,1,1,0,1,0,0,0,gold,1,0,0,0,7,0,1,0,1,0,red,red,Grenada
6,1,0,0,1,1,0,0,7,1,1,1,1,1,0,1,blue,0,0,0,0,0,0,0,1,1,1,red,red,Guam
1,4,109,8,2,0,3,0,2,0,0,1,0,1,0,0,blue,0,0,0,0,0,0,0,0,0,0,blue,blue,Guatemala
4,4,246,6,3,2,3,0,3,1,1,0,1,0,0,0,gold,0,0,0,0,0,0,0,0,0,0,red,green,Guinea
4,4,36,1,6,5,1,2,4,1,1,0,1,0,1,0,gold,0,0,0,0,1,0,0,0,0,0,red,green,Guinea-Bissau
2,4,215,1,1,4,0,0,5,1,1,0,1,1,1,0,green,0,0,0,0,0,0,1,0,0,0,black,green,Guyana
1,4,28,6,3,0,2,0,2,1,0,0,0,0,1,0,black,0,0,0,0,0,0,0,0,0,0,black,red,Haiti
1,4,112,4,2,0,0,3,2,0,0,1,0,1,0,0,blue,0,0,0,0,5,0,0,0,0,0,blue,blue,Honduras
5,1,1,5,7,3,0,0,6,1,1,1,1,1,0,1,blue,1,1,1,1,0,0,0,1,1,1,white,blue,Hong-Kong
3,1,93,11,9,6,0,3,3,1,1,0,0,1,0,0,red,0,0,0,0,0,0,0,0,0,0,red,green,Hungary
3,4,103,0,6,1,0,0,3,1,0,1,0,1,0,0,blue,0,1,0,0,0,0,0,0,0,0,blue,blue,Iceland
5,1,3268,684,6,4,0,3,4,0,1,1,0,1,0,1,orange,1,0,0,0,0,0,0,1,0,0,orange,green,India
6,2,1904,157,10,2,0,2,2,1,0,0,0,1,0,0,red,0,0,0,0,0,0,0,0,0,0,red,white,Indonesia
5,1,1648,39,6,2,0,3,3,1,1,0,0,1,0,0,red,0,0,0,0,0,0,0,1,0,1,green,red,Iran
5,1,435,14,8,2,0,3,4,1,1,0,0,1,1,0,red,0,0,0,0,3,0,0,0,0,0,red,black,Iraq
3,4,70,3,1,0,3,0,3,0,1,0,0,1,0,1,white,0,0,0,0,0,0,0,0,0,0,green,orange,Ireland
5,1,21,4,10,7,0,2,2,0,0,1,0,1,0,0,white,0,0,0,0,1,0,0,0,0,0,blue,blue,Israel
3,1,301,57,6,0,3,0,3,1,1,0,0,1,0,0,white,0,0,0,0,0,0,0,0,0,0,green,red,Italy
4,4,323,7,3,5,3,0,3,1,1,0,0,1,0,0,white,0,0,0,0,0,0,0,0,0,0,red,green,Ivory-Coast
1,4,11,2,1,1,0,0,3,0,1,0,1,0,1,0,green,0,0,1,0,0,0,1,0,0,0,gold,gold,Jamaica
5,1,372,118,9,7,0,0,2,1,0,0,0,1,0,0,white,1,0,0,0,1,0,0,0,0,0,white,white,Japan
5,1,98,2,8,2,0,3,4,1,1,0,0,1,1,0,black,0,0,0,0,1,0,1,0,0,0,black,green,Jordan
5,1,181,6,10,3,0,0,2,1,0,0,1,0,0,0,red,0,0,0,0,0,0,0,1,0,0,red,red,Kampuchea
4,1,583,17,10,5,0,5,4,1,1,0,0,1,1,0,red,1,0,0,0,0,0,0,1,0,0,black,green,Kenya
6,1,0,0,1,1,0,0,4,1,0,1,1,1,0,0,red,0,0,0,0,1,0,0,1,1,0,red,blue,Kiribati
5,1,18,2,8,2,0,3,4,1,1,0,0,1,1,0,green,0,0,0,0,0,0,0,0,0,0,green,red,Kuwait
5,1,236,3,10,6,0,3,3,1,0,1,0,1,0,0,red,1,0,0,0,0,0,0,0,0,0,red,red,Laos
5,1,10,3,8,2,0,2,4,1,1,0,0,1,0,1,red,0,0,0,0,0,0,0,0,1,0,red,red,Lebanon
4,2,30,1,10,5,2,0,4,1,1,1,0,1,0,0,blue,0,0,0,0,0,0,0,1,0,0,green,blue,Lesotho
4,4,111,1,10,5,0,11,3,1,0,1,0,1,0,0,red,0,0,0,1,1,0,0,0,0,0,blue,red,Liberia
4,1,1760,3,8,2,0,0,1,0,1,0,0,0,0,0,green,0,0,0,0,0,0,0,0,0,0,green,green,Libya
3,1,0,0,4,0,0,2,3,1,0,1,1,0,0,0,red,0,0,0,0,0,0,0,1,0,0,blue,red,Liechtenstein
3,1,3,0,4,0,0,3,3,1,0,1,0,1,0,0,red,0,0,0,0,0,0,0,0,0,0,red,blue,Luxembourg
4,2,587,9,10,1,1,2,3,1,1,0,0,1,0,0,red,0,0,0,0,0,0,0,0,0,0,white,green,Malagasy
4,2,118,6,10,5,0,3,3,1,1,0,0,0,1,0,red,0,0,0,0,1,0,0,0,0,0,black,green,Malawi
5,1,333,13,10,2,0,14,4,1,0,1,1,1,0,0,red,0,0,0,1,1,1,0,0,0,0,blue,white,Malaysia
5,1,0,0,10,2,0,0,3,1,1,0,0,1,0,0,red,0,0,0,0,0,1,0,0,0,0,red,red,Maldive-Islands
4,4,1240,7,3,2,3,0,3,1,1,0,1,0,0,0,gold,0,0,0,0,0,0,0,0,0,0,green,red,Mali
3,1,0,0,10,0,2,0,3,1,0,0,0,1,1,0,red,0,1,0,0,0,0,0,1,0,0,white,red,Malta
6,1,0,0,10,1,0,0,3,0,0,1,0,1,0,0,blue,0,0,0,0,1,0,0,1,0,0,blue,blue,Marianas
4,4,1031,2,8,2,0,0,2,0,1,0,1,0,0,0,green,0,0,0,0,1,1,0,0,0,0,green,green,Mauritania
4,2,2,1,1,4,0,4,4,1,1,1,1,0,0,0,red,0,0,0,0,0,0,0,0,0,0,red,green,Mauritius
1,4,1973,77,2,0,3,0,4,1,1,0,0,1,0,1,green,0,0,0,0,0,0,0,0,1,0,green,red,Mexico
6,1,1,0,10,1,0,0,2,0,0,1,0,1,0,0,blue,0,0,0,0,4,0,0,0,0,0,blue,blue,Micronesia
3,1,0,0,3,0,0,2,2,1,0,0,0,1,0,0,red,0,0,0,0,0,0,0,0,0,0,red,white,Monaco
5,1,1566,2,10,6,3,0,3,1,0,1,1,0,0,0,red,2,0,0,0,1,1,1,1,0,0,red,red,Mongolia
1,4,0,0,1,1,0,0,7,1,1,1,1,1,1,0,blue,0,2,1,1,0,0,0,1,1,0,white,blue,Montserrat
4,4,447,20,8,2,0,0,2,1,1,0,0,0,0,0,red,0,0,0,0,1,0,0,0,0,0,red,red,Morocco
4,2,783,12,10,5,0,5,5,1,1,0,1,1,1,0,gold,0,0,0,0,1,0,1,1,0,0,green,gold,Mozambique
6,2,0,0,10,1,0,3,3,0,0,1,1,1,0,0,blue,0,0,0,0,1,0,0,0,0,0,blue,blue,Nauru
5,1,140,16,10,4,0,0,3,0,0,1,0,1,0,1,brown,0,0,0,0,2,1,0,0,0,0,blue,blue,Nepal
3,1,41,14,6,1,0,3,3,1,0,1,0,1,0,0,red,0,0,0,0,0,0,0,0,0,0,red,blue,Netherlands
1,4,0,0,6,1,0,1,3,1,0,1,0,1,0,0,white,0,0,0,0,6,0,0,0,0,0,white,white,Netherlands-Antilles
6,2,268,2,1,1,0,0,3,1,0,1,0,1,0,0,blue,0,1,1,1,4,0,0,0,0,0,white,blue,New-Zealand
1,4,128,3,2,0,0,3,2,0,0,1,0,1,0,0,blue,0,0,0,0,0,0,0,0,0,0,blue,blue,Nicaragua
4,1,1267,5,3,2,0,3,3,0,1,0,0,1,0,1,orange,1,0,0,0,0,0,0,0,0,0,orange,green,Niger
4,1,925,56,10,2,3,0,2,0,1,0,0,1,0,0,green,0,0,0,0,0,0,0,0,0,0,green,green,Nigeria
6,3,0,0,1,1,0,0,4,1,0,1,1,1,0,0,gold,1,1,1,1,5,0,0,0,0,0,white,gold,Niue
5,1,121,18,10,6,0,5,3,1,0,1,0,1,0,0,blue,1,0,0,0,1,0,0,0,0,0,blue,blue,North-Korea
5,1,195,9,8,2,0,3,4,1,1,0,0,1,1,0,red,0,0,0,0,1,0,0,0,0,0,red,black,North-Yemen
3,1,324,4,6,1,0,0,3,1,0,1,0,1,0,0,red,0,1,0,0,0,0,0,0,0,0,red,red,Norway
5,1,212,1,8,2,0,2,3,1,1,0,0,1,0,0,red,0,0,0,0,0,0,0,1,0,0,red,green,Oman
5,1,804,84,6,2,1,0,2,0,1,0,0,1,0,0,green,0,0,0,0,1,1,0,0,0,0,white,green,Pakistan
2,4,76,2,2,0,0,0,3,1,0,1,0,1,0,0,red,0,0,0,4,2,0,0,0,0,0,white,white,Panama
6,2,463,3,1,5,0,0,4,1,0,0,1,1,1,0,black,0,0,0,0,5,0,1,0,1,0,red,black,Papua-New-Guinea
2,3,407,3,2,0,0,3,6,1,1,1,1,1,1,0,red,1,0,0,0,1,0,0,1,1,1,red,blue,Parguay
2,3,1285,14,2,0,3,0,2,1,0,0,0,1,0,0,red,0,0,0,0,0,0,0,0,0,0,red,red,Peru
6,1,300,48,10,0,0,0,4,1,0,1,1,1,0,0,blue,0,0,0,0,4,0,1,0,0,0,blue,red,Philippines
3,1,313,36,5,6,0,2,2,1,0,0,0,1,0,0,white,0,0,0,0,0,0,0,0,0,0,white,red,Poland
3,4,92,10,6,0,0,0,5,1,1,1,1,1,0,0,red,1,0,0,0,0,0,0,1,0,0,green,red,Portugal
1,4,9,3,2,0,0,5,3,1,0,1,0,1,0,0,red,0,0,0,0,1,0,1,0,0,0,red,red,Puerto-Rico
5,1,11,0,8,2,0,0,2,0,0,0,0,1,0,1,brown,0,0,0,0,0,0,0,0,0,0,white,brown,Qatar
3,1,237,22,6,6,3,0,7,1,1,1,1,1,0,1,red,0,0,0,0,2,0,0,1,1,1,blue,red,Romania
4,2,26,5,10,5,3,0,4,1,1,0,1,0,1,0,red,0,0,0,0,0,0,0,0,0,1,red,green,Rwanda
3,1,0,0,6,0,0,2,2,0,0,1,0,1,0,0,white,0,0,0,0,0,0,0,0,0,0,white,blue,San-Marino
4,1,0,0,6,0,0,3,4,1,1,0,1,0,1,0,green,0,0,0,0,2,0,1,0,0,0,green,green,Sao-Tome
5,1,2150,9,8,2,0,0,2,0,1,0,0,1,0,0,green,0,0,0,0,0,0,0,1,0,1,green,green,Saudi-Arabia
4,4,196,6,3,2,3,0,3,1,1,0,1,0,0,0,green,0,0,0,0,1,0,0,0,0,0,green,red,Senegal
4,2,0,0,1,1,0,0,3,1,1,0,0,1,0,0,red,0,0,0,0,0,0,0,0,0,0,red,green,Seychelles
4,4,72,3,1,5,0,3,3,0,1,1,0,1,0,0,green,0,0,0,0,0,0,0,0,0,0,green,blue,Sierra-Leone
5,1,1,3,7,3,0,2,2,1,0,0,0,1,0,0,white,0,0,0,0,5,1,0,0,0,0,red,white,Singapore
6,2,30,0,1,1,0,0,4,0,1,1,1,1,0,0,green,0,0,0,0,5,0,1,0,0,0,blue,green,Soloman-Islands
4,1,637,5,10,2,0,0,2,0,0,1,0,1,0,0,blue,0,0,0,0,1,0,0,0,0,0,blue,blue,Somalia
4,2,1221,29,6,1,0,3,5,1,1,1,0,1,0,1,orange,0,1,1,0,0,0,0,0,0,0,orange,blue,South-Africa
5,1,99,39,10,7,0,0,4,1,0,1,0,1,1,0,white,1,0,0,0,0,0,0,1,0,0,white,white,South-Korea
5,1,288,2,8,2,0,3,4,1,0,1,0,1,1,0,red,0,0,0,0,1,0,1,0,0,0,red,black,South-Yemen
3,4,505,38,2,0,0,3,2,1,0,0,1,0,0,0,red,0,0,0,0,0,0,0,0,0,0,red,red,Spain
5,1,66,15,10,3,2,0,4,0,1,0,1,0,0,1,gold,0,0,0,0,0,0,0,1,1,0,gold,gold,Sri-Lanka
4,3,0,0,1,1,0,0,7,1,1,1,1,1,0,1,blue,0,1,1,1,0,0,0,1,0,0,white,blue,St-Helena
1,4,0,0,1,1,0,0,5,1,1,0,1,1,1,0,green,0,0,0,0,2,0,1,0,0,0,green,red,St-Kitts-Nevis
1,4,0,0,1,1,0,0,4,0,0,1,1,1,1,0,blue,0,0,0,0,0,0,1,0,0,0,blue,blue,St-Lucia
1,4,0,0,1,1,5,0,4,0,1,1,1,1,0,0,green,0,0,0,0,0,0,0,1,1,1,blue,green,St-Vincent
4,1,2506,20,8,2,0,3,4,1,1,0,0,1,1,0,red,0,0,0,0,0,0,1,0,0,0,red,black,Sudan
2,4,63,0,6,1,0,5,4,1,1,0,1,1,0,0,red,0,0,0,0,1,0,0,0,0,0,green,green,Surinam
4,2,17,1,10,1,0,5,7,1,0,1,1,1,1,1,blue,0,0,0,0,0,0,0,1,0,0,blue,blue,Swaziland
3,1,450,8,6,1,0,0,2,0,0,1,1,0,0,0,blue,0,1,0,0,0,0,0,0,0,0,blue,blue,Sweden
3,1,41,6,4,1,0,0,2,1,0,0,0,1,0,0,red,0,1,0,0,0,0,0,0,0,0,red,red,Switzerland
5,1,185,10,8,2,0,3,4,1,1,0,0,1,1,0,red,0,0,0,0,2,0,0,0,0,0,red,black,Syria
5,1,36,18,7,3,0,0,3,1,0,1,0,1,0,0,red,1,0,0,1,1,0,0,0,0,0,blue,red,Taiwan
4,2,945,18,10,5,0,0,4,0,1,1,1,0,1,0,green,0,0,0,0,0,0,1,0,0,0,green,blue,Tanzania
5,1,514,49,10,3,0,5,3,1,0,1,0,1,0,0,red,0,0,0,0,0,0,0,0,0,0,red,red,Thailand
4,1,57,2,3,7,0,5,4,1,1,0,1,1,0,0,green,0,0,0,1,1,0,0,0,0,0,red,green,Togo
6,2,1,0,10,1,0,0,2,1,0,0,0,1,0,0,red,0,1,0,1,0,0,0,0,0,0,white,red,Tonga
2,4,5,1,1,1,0,0,3,1,0,0,0,1,1,0,red,0,0,0,0,0,0,1,0,0,0,white,white,Trinidad-Tobago
4,1,164,7,8,2,0,0,2,1,0,0,0,1,0,0,red,1,0,0,0,1,1,0,0,0,0,red,red,Tunisia
5,1,781,45,9,2,0,0,2,1,0,0,0,1,0,0,red,0,0,0,0,1,1,0,0,0,0,red,red,Turkey
1,4,0,0,1,1,0,0,6,1,1,1,1,1,0,1,blue,0,1,1,1,0,0,0,1,1,0,white,blue,Turks-Cocos-Islands
6,2,0,0,1,1,0,0,5,1,0,1,1,1,0,0,blue,0,1,1,1,9,0,0,0,0,0,white,blue,Tuvalu
5,1,84,1,8,2,1,3,4,1,1,0,0,1,1,0,green,0,0,0,0,0,0,0,0,0,0,red,black,UAE
4,1,236,13,10,5,0,6,5,1,0,0,1,1,1,0,gold,1,0,0,0,0,0,0,0,1,0,black,red,Uganda
3,4,245,56,1,1,0,0,3,1,0,1,0,1,0,0,red,0,1,1,0,0,0,0,0,0,0,white,red,UK
2,3,178,3,2,0,0,9,3,0,0,1,1,1,0,0,white,0,0,0,1,1,0,0,0,0,0,white,white,Uruguay
1,4,0,0,1,1,0,0,6,1,1,1,1,1,0,0,white,0,0,0,0,0,0,0,1,1,1,white,white,US-Virgin-Isles
1,4,9363,231,1,1,0,13,3,1,0,1,0,1,0,0,white,0,0,0,1,50,0,0,0,0,0,blue,red,USA
5,1,22402,274,5,6,0,0,2,1,0,0,1,0,0,0,red,0,0,0,0,1,0,0,1,0,0,red,red,USSR
6,2,15,0,6,1,0,0,4,1,1,0,1,0,1,0,red,0,0,0,0,0,0,1,0,1,0,black,green,Vanuatu
3,1,0,0,6,0,2,0,4,1,0,0,1,1,1,0,gold,0,0,0,0,0,0,0,1,0,0,gold,white,Vatican-City
2,4,912,15,2,0,0,3,7,1,1,1,1,1,1,1,red,0,0,0,0,7,0,0,1,1,0,gold,red,Venezuela
5,1,333,60,10,6,0,0,2,1,0,0,1,0,0,0,red,0,0,0,0,1,0,0,0,0,0,red,red,Vietnam
6,3,3,0,1,1,0,0,3,1,0,1,0,1,0,0,red,0,0,0,1,5,0,0,0,0,0,blue,red,Western-Samoa
3,1,256,22,6,6,0,3,4,1,0,1,1,1,0,0,red,0,0,0,0,1,0,0,0,0,0,blue,red,Yugoslavia
4,2,905,28,10,5,0,0,4,1,1,0,1,0,0,1,green,1,0,0,0,0,0,0,1,1,0,green,green,Zaire
4,2,753,6,10,5,3,0,4,1,1,0,0,0,1,1,green,0,0,0,0,0,0,0,0,1,0,green,brown,Zambia
4,2,391,8,10,5,0,7,5,1,1,0,1,1,1,0,green,0,0,0,0,1,0,1,1,1,0,green,green,Zimbabwe
